Kontrast globalny:
MuchaA: 56.439780658941416
MuchaB: 28.46334778386712
MuchaC: 55.90642739617253
Kontrast lokalny:
MuchaA: 20.955556918613023
MuchaB: 10.124813987103106
MuchaC: 20.30685327516041